Original Distance Table
          	Shark     	MutShark  	Mouse     	InsMouse  	Fly       	DelFly    	Squid     	Flatword  
Shark     0.00000000	0.44354839	0.12096774	0.19354839	0.14516129	0.14516129	0.15322581	0.15322581
MutShark  0.44354839	0.00000000	0.54032258	0.61290323	0.55645161	0.55645161	0.56451613	0.57258065
Mouse     0.12096774	0.54032258	0.00000000	0.08870968	0.12096774	0.12096774	0.11290323	0.15322581
InsMouse  0.19354839	0.61290323	0.08870968	0.00000000	0.19354839	0.19354839	0.19354839	0.23387097
Fly       0.14516129	0.55645161	0.12096774	0.19354839	0.00000000	0.00000000	0.12903226	0.15322581
DelFly    0.14516129	0.55645161	0.12096774	0.19354839	0.00000000	0.00000000	0.12903226	0.15322581
Squid     0.15322581	0.56451613	0.11290323	0.19354839	0.12903226	0.12903226	0.00000000	0.16129032
Flatword  0.15322581	0.57258065	0.15322581	0.23387097	0.15322581	0.15322581	0.16129032	0.00000000


UPGMA Tree Distance Tables
          	Shark     	MutShark  	Mouse     	InsMouse  	Fly       	DelFly    	Squid     	Flatword  
Shark     0.00000000	0.44354839	0.12096774	0.19354839	0.14516129	0.14516129	0.15322581	0.15322581
MutShark  0.44354839	0.00000000	0.54032258	0.61290323	0.55645161	0.55645161	0.56451613	0.57258065
Mouse     0.12096774	0.54032258	0.00000000	0.08870968	0.12096774	0.12096774	0.11290323	0.15322581
InsMouse  0.19354839	0.61290323	0.08870968	0.00000000	0.19354839	0.19354839	0.19354839	0.23387097
Fly       0.14516129	0.55645161	0.12096774	0.19354839	0.00000000	0.00000000	0.12903226	0.15322581
DelFly    0.14516129	0.55645161	0.12096774	0.19354839	0.00000000	0.00000000	0.12903226	0.15322581
Squid     0.15322581	0.56451613	0.11290323	0.19354839	0.12903226	0.12903226	0.00000000	0.16129032
Flatword  0.15322581	0.57258065	0.15322581	0.23387097	0.15322581	0.15322581	0.16129032	0.00000000


Neighbor Joining Tree Distance Tables
          	Shark     	MutShark  	Mouse     	InsMouse  	Fly       	DelFly    	Squid     	Flatword  
Shark     0.00000000	0.44354839	0.12096774	0.19354839	0.14516129	0.14516129	0.15322581	0.15322581
MutShark  0.44354839	0.00000000	0.54032258	0.61290323	0.55645161	0.55645161	0.56451613	0.57258065
Mouse     0.12096774	0.54032258	0.00000000	0.08870968	0.12096774	0.12096774	0.11290323	0.15322581
InsMouse  0.19354839	0.61290323	0.08870968	0.00000000	0.19354839	0.19354839	0.19354839	0.23387097
Fly       0.14516129	0.55645161	0.12096774	0.19354839	0.00000000	0.00000000	0.12903226	0.15322581
DelFly    0.14516129	0.55645161	0.12096774	0.19354839	0.00000000	0.00000000	0.12903226	0.15322581
Squid     0.15322581	0.56451613	0.11290323	0.19354839	0.12903226	0.12903226	0.00000000	0.16129032
Flatword  0.15322581	0.57258065	0.15322581	0.23387097	0.15322581	0.15322581	0.16129032	0.00000000
